#Total_Population,Sewer_Length
8473,3
19311,47
19955,5
413418,551
20230,10
233047,37
8378,2
18338,27
21331,5
6954,3
57537,62
57294,25
52262,180
22178,10
12807,12
15627,18
25613,27
7006,3
1025360,403
33032,23
52380,45
3494,4
9441,5
73337,5
7560,3
17848,15
35212,18
25183,28
11248,3
75394,25
6649,12
47819,58
10687,10
61797,110
44372,53
65790,70
21477,14
28508,20
16937,3
2219580,579
65040,32
37193,20
9187,4
512902,96
22053,3
27906,5
123096,9
5488,8
20347,27
152327,134
37441,3
19479,40
54648,2248
8837,23
20449,26
13240,3
20392,112
31209,1
156975,299
23437,37
12329,15
18531,4
69662,342
10129,32
14222,22
10130,11
67335,18
18911,3
33567,73
9058,4
18427,8
32006,43
304302,204
35382,6
71487,3
9703,15
30906,83
87458,176
34882,2
16753,33
30862,6
22093,19
29070,50
72545,220
26318,1
9316,16
11200,8
32576,37
22762,1
67013,7
33398,3
26035,30
15717,20
32191,15
5351,24
63591,152
34886,16
82432,93
16446,29
41901,28
60858,47
114396,28
17845,9
619609,690
10575,23
32596,42
11259,11
15234,14
84928,293
12987,5
19786,25
16230,100
23404,80
16403,2
27003,57
15650,37
26963,5
159923,154
40333,49
45922,44
59435,10
9911,24
73524,25
30747,2
64646,24
213685,359
28684,26
12242,16
14452,10
6596,14
20398,66
64455,30
22754,3
19316,87
22337,92
76795,145
35883,75
10298,195
19843,105
36116,3
20388,65
19030,7
28740,1
11016,26
80635,3
54673,89
33746,19
156126,462
40651,49
14557,25
218162,444
3693,10
24032,8
3975,2
3758,1
201635,154
11499,14
90162,248
50161,164
21432,72
18602,7
44793,35
47126,103
22716,30
25894,19
18474,17
49278,25
35440,67
8889,30
42251,60
26970,37
11417,6
29410,79
22282,29
14079,29
16472,3
43783,3
15443,18
17511,23
9071,34
118516,149
7394,2
16984,8
20098,12
10394,22
150658,345
12179,4
41170,77
33468,1
12932,19
9442,25
30857,8
2886698,4089
14063,7
27922,34
10606,24
37531,220
39775,31
28481,20
10464,7
60131,72
102380,55
53269,3
14762,32
40245,47
37942,6
44430,3
79424,264
40989,20
14699,40
81286,19
13446,2
135783,105
9701,10
23233,74
20393,25
21253,34
16974,14
162438,249
22555,27
15022,6
50798,29
19877,19
18544,10
16665,20
20413,24
97233,114
9210,5
12625,52
43716,264
341128,950
15036,16
63104,23
54481,24
11781,6
7650,6
7378,5
80935,38
74975,57
11802,3
24610,11
61228,46
22573,20
22758,8
15044,19
35941,2
53949,19
32722,31
54577,86
49842,12
63907,102
27470,14
77244,28
72232,6
20871,15
365212,313
25585,4
23239,11
75159,201
133031,108
18133,6
7225,15
54337,36
24452,18
2686612,2724
14134,7
14407,7
54962,2
4814,3
26290,11
40784,16
5132,2
68529,13
12629,9
68162,49
103074,31
26187,15
14326,25
38325,3
53067,95
130539,61
42215,17
18147,1
11492,40
34636,31
27181,31
8130,9
20087,23
276264,185
24892,34
31492,34
59890,72
229458,235
130346,75
39044,25
48168,12
27462,9
35480,4
61738,4
14549,9
10941,4
32408,50
28673,23
25833,8
73188,3
84554,42
12288,6
6549,28
13439,5
35304,25
32992,26
12252,5
9143,25
37900,6
12347,13
14958,5
88321,84
16147,10
29146,2
78882,56
15788,1
16635,4
43711,4
48131,28
48869,69
13044,16
210711,580
30807,7
8573,1
59062,19
76537,70
56291,7
13915,9
40903,16
61410,15
3055149,7458
30455,72
10909,45
29975,61
14636,21
7874,30
29779,48
7554,2
103101,353
12105,49
31132,226
44979,32
15092,50
9962,30
12427,14
210589,551
383917,403
37747,65
123400,243
31273,13
4270,8
33986,27
22835,17
21948,37
12880,24
31122,64
126701,194
12591,65
8859,25
13973,23
13526,6
14023,42
34656,58
10494,22
31039,115
12265,60
16722,57
10933,7
176688,363
15503,22
38883,97
16920,18
12963,20
26115,50
18894,39
5496,16
17319,15
15526,37
50434,78
23306,24
26381,55
22053,51
7940,17
19271,22
41015,30
23724,36
8687,8
38522,62
10546,26
132642,138
12510,6
527240,1123
30680,57
21591,6
25745,47
79500,96
9244,5
14073,21
501325,412
365855,480
8958,19
20461,45
22546,35
217698,430
6605,32
8705,66
391772,731
21981,20
590146,937
2474,14
3486,10
7783,17
10110,18
30492,99
25648,111
5797,18
9484,8
12666,47
8031,24
16270,60
19107,70
93196,91
20007,52
110983,378
22306,122
10486,91
72890,53
9869,60
60210,80
12467,72
123684,405
71075,161
1536097,4392
45296,100
22381,62
34202,103
14207,55
53259,106
31499,47
43622,108
4475,50
25681,109
8960,32
105809,266
51338,62
102065,577
7402,56
18371,105
1621,12
211508,101
9363,31
2583,18
28793,52
68154,436
8047,28
13672,35
46548,200
46730,70
117703,102
34430,37
29392,145
10140,6
10980,58
24548,61
31686,38
90640,234
17860,71
45633,168
37414,56
50701,132
4612,5
241518,458
19947,97
7632,41
38808,251
75829,63
1345,11
34157,192
21920,19
118451,28
20816,46
8186,34
129823,336
40840,116
13818,3
172135,109
104790,14
63217,23
165525,59
123116,35
65544,6
42527,7
8484,2
11387,4
259337,137
68723,11
23482,12
21080,10
123747,151
39191,50
24092,4
7070,5
11261,5
179028,134
1108975,952
4684,2
8582,15
170222,7
59398,3
7006,45
23250,80
13444,36
3994,9
9368,28
13523,18
1992,9
4522,13
19247,7
13599,39
25141,89
5976,30
3011,25
35401,68
80494,353
6981,98
42143,125
7436,9
19958,33
14517,50
5894,21
8301,25
10859,22
3844,13
15169,44
3605,8
4678,3
41396,128
12206,115
8557,18
11459,2
9275,12
1587,8
2059,20
36712,75
117825,498
8453,10
6931,76
2835,28
9401,54
107337,542
10883,32
40380,310
2704,9
5269,9
17862,170
14270,32
12678,18
4851,2
19199,88
7803,34
23898,1530
4766,9
5778,27
32866,212
138204,304
20897,127
10262,29
2521564,4476
26994,65
7719,18
11872,25
4607,7
444784,1072
3329,220
40219,160
5089,15
50256,134
51028,207
6459,36
4244,19
6133,20
14862,36
10537,21
17607,179
6860,28
5444,30
19614,46
14949,24
6288,18
16748,104
32405,63
14410,85
40666,101
10991,34
10353,32
25013,24
14075,27
3591,31
11579,52
2706,15
11749,15
45047,292
5541,24
3974,9
14541,33
2869,20
21801,55
29814,90
16762,72
21054,40
19752,87
54186,221
11651,47
8269,31
15563,84
28842,80
4548,7
5594,20
14888,55
5451,14
4634,4
38057,111
6890,6
9826,66
16234,78
5514,19
15313,27
8663,52
9308,6
23780,3
3166,35
25669,79
33011,41
92603,117
9414,38
6792,18
18674,41
2646,6
12182,42
11511,101
14947,30
22693,157
30334,97
21268,63
19559,95
10066,48
3597,20
4461,16
3092,9
17740,164
75540,142
5421,38
6257,6
4965,14
21610,67
1157,3
10346,45
3186,15
5699,30
2671,7
6799,22
4853,28
7514,19
28859,105
7594,14
3120,10
6774,15
10322,30
3946,8
28346,118
2813,36
4578,11
17503,29
5533,16
13684,30
11748,66
12082,45
55309,142
5046,6
6969,22
129606,363
22949,76
1784,4
668949,1298
9128,42
26611,34
8897,33
3542,18
23668,96
9943,11
27966,279
110290,297
9215,17
3090,7
3441,11
3191,10
3694,15
6382,84
2728,21
4423,21
6760,6
12931,49
5982,15
10226,44
5054,24
15474,55
5005,104
7799,20
80616,199
5421,25
8016,52
7131,18
10768,40
5029,17
7255,98
2884,7
47825,136
3790,14
7609,15
3424,20
19976,14
4974,22
7614,12
240408,824
6025,38
11211,10
3655,8
5048,24
4451,13
5232,10
2997,7
6619,28
10223,38
13427,65
4230,15
1912,6
28320,162
11202,26
7241,20
5377,10
15380,82
18958,46
71551,104
31610,68
4710,12
11386,9
3491,10
8018,23
36951,70
2376,13
7504,19
3466,12
9696,5
11054,28
7533,30
67822,500
4437,11
2967,50
10321,7
5242,16
5338,24
26369,47
5869,5
3487,4
18492,70
4561,13
60012,172
4392,21
3164,11
3378,11
3990,20
4355,6
6171,15
11818,192
281046,718
15890,28
34573,115
14258,65
10315,7
19017,169
8918,35
3775,14
6569,25
52078,217
7051,42
8105,25
8343,12
5577,14
6591,23
11045,20
5010,23
25358,74
8437,32
13986,25
182153,288
3492,15
2996,16
12097,17
43817,86
11005,33
7923,61
6610,35
12444,78
6940,10
7339,8
6951,22
2776,10
24079,33
18769,34
20000,87
265409,559
4225,30
10118,26
7027,30
120904,323
11576,30
52446,221
18164,23
13435,76
12836,8
97334,347
34936,73
23209,50
2056,12
10157,69
15714,71
15423,60
12244,56
21029,22
15379,55
21761,63
9881,15
11252,20
16199,70
93847,369
15022,25
6063,22
105255,552
6000,9
39690,78
3768,25
20418,46
12323,33
7691,19
26264,160
3142,53
39388,65
72018,102
67852,107
4384,17
4852,19
7738,31
12315,39
25474,41
4780,11
15455,28
4476,8
80416,331
47726,149
4727,8
4487,12
4889,10
5050,19
27392,70
573285,1367
4345,10
10681,46
5715,21
18193,18
7600,38
52711,274
4082,13
13063,50
18111,105
65657,267
19918,17
20907,101
6833,12
104783,391
3226,11
4920,14
52640,64
16724,83
7589,18
9714,32
6258,11
5438,18
18257,130
7111,15
42413,97
5109,15
18602,60
6554,5
18226,66
91169,178
22802,102
27647,146
8046,12
12901,46
14056,50
61288,215
4097,15
15619,33
2987,7
4034,41
2728,2
13443,59
8644,31
4436,16
31364,120
14548,39
19005,79
12412,40
38151,162
3741,28
3832,10
20759,59
10758,40
5546,7
31497,31
3893,32
13620,53
7554,22
8727,67
14747,13
21236,78
20696,18
13152,3
47931,193
4923,4
21513,92
413487,1282
24029,61
8315,14
8910,43
5994,5
109392,479
26961,29
20545,42
40665,134
7051,15
4728,14
8660,46
26826,30
3128,4
17551,115
96157,74
3573,9
15800,118
7497,6
105520,243
5732,12
31335,26
10778,15
5324,6
1720,8
2809,15
41840,180
2130,11
3152,24
4663,40
8079,7
39867,131
33791,155
74558,464
5914,15
6423,23
8296,38
5349,22
15800,38
93862,267
94808,335
21605,89
21221,55
24700,64
1633,7
8057,29
115337,491
153585,674
91449,414
8419,24
17537,60
24329,39
7128,8
3974,17
2532,15
11146,18
12212,25
3643,25
64712,198
1806,5
4432,16
11755,43
16321,62
21485,71
6773,62
4256,6
2733,7
4466,7
8688,42
4986,25
6398,8
6348,31
17634,38
5488,37
8640,50
10772,17
56640,144
10759,46
28215,328
34918,140
12292,90
16846,69
168641,973
8359,46
32035,161
59875,337
4283,8
37864,79
16616,46
152549,551
9080,31
28017,122
8566,47
3631,25
5341,5
3606,14
3001,7
19627,100
10834,42
3584,24
1943,10
16429,52
23711,54
10520,34
7201,12
11540,39
17396,39
4817,4
9476,19
338197,838
4047,22
10420,11
13473,28
2620,13
5133,13
5402,11
31045,42
14332,72
17959,66
12739,25
2320,4
8224,71
4622,10
5798,11
10256,16
137125,325
15416,39
26374,91
41699,122
31604,149
8664,9
4107,20
4725,17
6386,8
14255,65
220444,476
16302,13
5217,15
14611,27
7073,16
3891,32
7589,30
2476,9
8667,12
35369,112
3765,18
8924,26
4863,36
7268,15
5457,11
43753,116
19872,125
18613,47
11604,30
28427,86
7297,13
46421,62
5349,23
17327,55
3362,9
56477,99
6520,50
6274,20
4800,11
3910,6
4059,3
8459,20
12597,60
11019,49
3173,2
25561,21
35782,144
7498,53
2746,16
25098,20
90497,357
11674,13
5918,9
23709,39
15767,100
26447,53
32148,94
7480,20
24135,97
4280,9
5079,32
4210,22
3856,9
6431,7
46202,185
4610,21
5202,16
12529,37
7076,13
5552,22
3024,15
9963,11
6863,25
71445,247
2250,16
7120,15
10960,31
7000,31
7815,37
6989,18
6361,14
33413,118
5361,14
2003,10
7858,22
1461,4
4105,10
5786,23
10467,33
1854,14
4292,9
776,2
8713,34
11668,45
7668,53
20940,73
241835,987
12378,5
2264,13
6248,100
2618,20
19736,32
6189,26
34397,100
3101,11
1872,11
4099,9
14302,12
140937,224
90568,240
8072,27
16715,47
7850,28
80032,294
32716,102
56940,223
25398,196
20125,53
116797,156
12493,15
337092,2056
699097,2839
2596,5
84930,249
4284,15
3260,13
17173,5
6470,20
2148,13
136602,557
39803,107
19305,11
20642,82
5727,11
4045,16
4846,13
129765,346
79388,222
3589,12
13740,39
10484,16
5340,20
42965,75
5261,60
5417,19
39826,58
25237,24
9076,16
10932,33
9020,27
26069,37
48029,45
12332,6
23325,35
11349,25
24735,44
7838,16
22190,132
11853,31
30593,27
13693,24
906092,2360
6182,10
22002,22
25865,124
6054,8
15352,24
112058,203
21142,58
33459,27
12984,3
11467,37
5975,15
225495,723
12400,28
19170,66
3059,2
9950,37
9824,44
16176,24
7588,6
25162,16
9243,20
26238,78
4021,19
6787,13
23689,24
7419,11
48022,14
28220,15
55689,96
13862,18
22430,3
55224,79
42276,180
14404,41
7621,6
93937,237
17298,67
24966,87
38186,12
19973,12
7900,33
27221,108
59245,88
11674,15
22269,9
123281,673
6109,6
26204,16
51959,123
19385,9
16951,6
22714,5
35307,46
61135,190
6706,10
94861,40
45740,190
12245,41
33649,56
31510,55
618124,1162
22178,49
36130,62
8582,27
35121,85
41101,5
67620,118
27941,36
20944,83
4938,30
17446,32
35338,54
45774,116
12097,12
63092,361
2422,10
236042,781
3155,3
18846,6
146005,316
92769,313
105711,138
3126,5
287526,188
16271,7
115969,193
535547,143
127027,52
1499641,549
38103,390
203251,26
53355,12
283542,36
133685,4
77214,15
7582,10
114503,45
213576,81
85563,28
306480,27
18129,10
24705,28
26974,4
60761,6
15279,39
10306,19
28439,15
19727,4
2251,3
13542,5
20463,25
2116,3
97203,20
4956,2
12022,8
17870,30
14206,26
5661,7
68767,9
10305,3
3695,9
62289,24
3205,3
6031,1
411807,941
4185,25
7499,13
4935,2
30684,20
7832,2
5370,5
33199,11
59115,57
24828,14
817511,658
9849,9
4653,15
27617,2
45136,17
10972,3
6630,15
33433,38
6462,7
3961,3
3046,5
108192,27
3802,3
7899,14
28533,4
18708,45
3882,36
32802,100
4238,9
44179,22
1983,6
19798,30
1974,10
3931,3
6581,8
15426,38
137349,22
34344,42
2630,21
20329,54
3950,4
1811,5
4147,15
7702,12
7410,10
11728,10
3512,10
52804,19
13754,5
26227,5
3594,5
17031,19
14759,18
15248,5
2841,6
100346,90
37404,37
19810,25
25065,33
14718,18
84864,120
74822,13
42764,62
20730,24
76687,2750
60880,635
38378,85
39983,2
51225,61
58919,30
208944,206
34503,49
20501,52
158899,8
24773,20
19609,28
13025,20
365278,800
14368,7
11891,13
21815,160
24173,55
19079,18
31766,123
3101,37
33184,204
140577,130
80055,25
7537,12
84699,7
29412,235
118370,25
97669,118
31187,61
13553,10
26900,5
706867,422
33328,2
15431,38
16318,26
25849,42
15470,20
63294,84
32573,66
393115,471
23935,2
15152,10
26456,36
22106,40
334376,623
67735,100
354317,669
11305,12
26175,33
6805,20
1653461,1743
20646,27
23628,15
61249,97
15558,20
14562,10
42100,40
11865,31
21398,55
34021,30
114079,93
18085,60
86915,40
19196,60
36050,53
46361,38
6021,2
65647,61
12859,36
23623,92
29127,54
10206,71
30816,40
8256,15
18661,33
9553,10
139583,160
17470,20
40605,12
3170,25
4505,2
25387,40
5965,200
5085,16
26709,13
60025,11
11659,63
10497,19
9457,18
3005,3
39336,5
8342,6
8543,10
4530,10
37085,62
153482,171
78431,120
12608,23
2720,8
7376,15
3057,10
6064,1
17639,3
14649,17
12746,3
868075,537
44569,89
7408,7
9470,15
120041,251
1682,8
22176,78
2685,3
14859,81
9778,44
6332,21
19311,122
19926,136
136234,704
124810,509
28300,124
14000,59
146214,526
14954,56
33340,135
26209,159
13092,16
31211,150
11426,33
15399,71
16400,22
13129,32
18456,115
8606,17
25466,141
107341,566
43685,180
8045,15
133865,570
29740,67
95488,545
14809,30
16053,40
13329,47
19148,87
23825,83
14356,91
332333,1481
71809,260
10764,24
17833,1
11819,63
19167,91
83816,274
12797,76
16450,100
246540,635
24145,137
3876,18
18837,74
17117,92
47842,258
20580,77
3127,27
20947,130
18741,3
1948626,6426
5030,15
41038,143
5983,41
5552,12
13981,28
17316,65
102004,542
7696,10
4906,11
10453,41
2699,11
258248,1258
5993,5
92216,431
13685,35
28808,124
33310,179
3784,9
12217,31
182644,874
7594,23
37527,329
31644,49
55131,303
13282,37
32940,148
11121,19
15251,39
13782,34
61088,305
11385,32
6549,26
6109,48
29070,49
13965,34
31935,58
8240,27
5303,5
39322,164
13742,75
35027,162
21230,138
9500,58
11196,24
12638,60
12009,59
7041,54
48410,129
32139,109
23242,156
4819,34
575377,1968
4744,4
13663,31
13014,83
23100,71
34515,164
27315,45
16642,36
13510,23
53495,158
35804,210
8814,20
10336,34
430157,1867
14387,51
18107,79
35219,446
46574,104
12042,8
16446,49
3434,6
10299,47
27984,126
11507,16
13200,102
5826,16
21960,66
41773,190
51755,152
33994,93
12960,22
32121,212
14023,78
11580,48
156174,582
88922,563
83843,431
6160,10
133490,533
32559,47
25617,79
114970,504
29994,112
355336,1620
27915,417
12748,78
4874,22
2556,31
3780,21
5095,31
5351,19
11130,48
52513,179
7477,19
23911,137
34409,114
19221,17
16950,98
14946,46
6787,25
26825,110
8069,19
10645,28
12948,53
15336,49
34411,142
67383,242
9622,41
4689,18
4898,17
14872,51
3293,20
7751,16
12186,63
26767,90
8523,81
11622,49
4954,16
23699,110
46251,213
20261,73
5416,25
10181,36
5837,47
10056,52
15241,10
5543,29
329058,898
46705,139
27576,112
11046,24
5750,24
6722,18
97803,180
19385,47
5216,19
16413,169
21249,79
15040,26
16345,99
12567,31
79792,275
17200,75
16924,97
17522,96
20607,62
142645,742
7807,29
12038,41
8533,7
13095,4
20909,73
112500,738
57913,90
11273,53
12088,21
8454,42
19386,86
5630,30
207044,271
11901,22
134293,130
34477,55
30593,31
100764,146
184833,1167
513118,418
37203,125
230378,49
15514,70
511168,1018
20168,100
16586,35
45041,61
22041,24
924624,675
28837,10
242543,120
134819,100
15299,15
23222,71
7326,9
261501,709
5623,7
246433,35
164504,23
18648,35
176569,179
25581,148
27154,60
15311,60
162693,190
515317,795
191158,439
823302,1177
52683,61
27858,106
306678,290
25364,49
29545,28
18960,4
19974,49
14435,29
151335,132
25126,48
132312,421
60573,206
18605,19
155193,227
6747815,6926
10392,6
42594,400
38710,108
1091737,721
36423,62
472906,350
21916,75
106049,59
18249,32
90583,60
83092,53
21774,24
15667,15
34610,40
10640,2
82142,520
37083,29
273988,906
11121,33
11029,11
13553,34
4710,10
14728,2
7154,4
14417,6
3715,4
68343,59
11291,4
10867,12
73886,43
11181,19
7983,35
44905,46
7072,15
10484,6
9786,39
26669,12
9238,13
14942,8
12396,50
35160,24
5946,2
18315,24
15749,18
11344,8
4763,5
4025,8
81821,17
32039,23
22576,3
300618,255
890480,665
27938,2
37450,22
4244,7
4813,10
5272,7
21545,65
267036,69
13474,6
30600,20
6653,15
14844,4
15272,18
3614,10
8220,11
2689,9
24280,7
4495,6
3595,25
103672,73
6207,23
44236,9
12879,4
4665,10
10362,20
17720,10
8192,23
11053,12
10522,6
8092,21
5561,3
14440,23
2421,4
33503,6
14800,19
14106,43
109523,9
6269,10
85893,104
16204,102
32695,8
46556,13
130009,42
20489,10
36881,8
539354,70
18571,26
55407,19
419652,979
12557,9
22283,51
12296,8
18172,18
30782,20
73028,73
211352,250
18238,3
121335,321
6202,3
4227,8
121803,5
33548,7
81869,175
131240,410
3395,2
5398,21
9647,85
45488,36
56211,56
348208,766
1641,6
54051,85
30241,119
8701,4
517451,1840
16583,34
3838,4
59922,59
38339,32
1975,4
41902,19
25960,3
15591,14
50672,8
83279,248
34399,57
31498,6
35440,72
8204,22
36555,48
283620,618
98239,115
25968,105
6814,11
19389,4
37340,4
83764,45
7141,9
1881,12
24690,8
26500,40
6461,5
85033,10
2566,120
2702,3
44858,150
4961,2
21875,2
4222,6
247032,74
46414,52
204722,333
343132,489
2580,4
4329,18
4899,2
12195,30
1488252,2050
22607,68
1856,5
15744,35
211965,199
5080,5
39314,39
12481,18
131365,162
283677,636
8067,14
76321,101
73575,98
1726,4
49360,8
77568,68
60019,63
18205,10
62147,29
2543,6
3543,6
238648,134
33293,60
23555,900
8732,25
80037,2
141808,44
24552,3
10577,5
17332,5
39064,168
52632,57
2669,4
23852,2
4577,5
4939,1
126866,246
71973,20
27099,47
26533,120
256302,230
2080,3
4277,12
16775,49
2548,12
39524,5
68867,65
3549,4
145796,310
361855,384
20335,19
4772,5
33876,35
36556,133
54480,51
2496,2
23035,25
10984,27
224013,242
75167,4
4520,2
217311,158
15545,58
4418,15
10649,1800
508826,712
27211,35
36584,23
2791,6
70793,5
11577,21
22714,67
1954,8
57247,48
14359,4
45286,10
70900,20
6129,14
223112,164
67338,182
17007,193
25355,18
181173,605
30404,89
597658,678
157349,197
46122,102
15313,31
5684,34
4218,2
23038,66
18975,25
7272,2
175272,98
3596,7
34010,11
3420,6
11634,14
35543,25
7312,28
2887,9
42495,185
7659,50
23579,50
85421,181
9434,19
27139,33
250181,99
24291,2
13650,54
30733,68
2423,10
39155,65
7991,21
4525,2
12990,10
21344,14
53610,1
664908,1124
30930,80
18218,3
3998,7
69556,10
11601,10
96142,60
42166,54
105221,25
6961,23
8809,8
185706,173
11008,14
40606,11
8970,10
52530,115
35111,153
3554,31
36648,114
8221,39
18808,238
6109,27
3521,39
37401,252
6129,20
4184,18
4186,13
16203,130
4088,29
18767,35
3647,19
24998,145
5274,18
3237,16
242018,913
41032,104
5981,32
72677,229
5056,62
57202,323
25479,66
6819,35
4144,19
36185,98
4158,19
24226,53
22860,44
198129,858
34776,82
5655,29
6365,28
2460,7
238339,1203
135506,910
1773,8
8613,36
3896,8
11158,33
55340,167
91157,203
1818,10
105087,403
144088,420
15253,61
5436,13
13859,53
91232,345
17761,161
5934,8
9139,55
10993,20
3498,21
7468,56
35558,202
36126,190
5760,9
7632,17
122833,701
33180,87
276982,449
20953,82
62980,280
379297,1436
77555,729
3005,16
11158,67
64723,252
8117,30
124883,462
32936,71
12452,62
11921,31
62170,220
25985,140
3984,10
838,5
4868,23
16164,60
2683,22
148130,501
170533,540
5741,22
2889,10
25277,112
24636,158
19965,65
17281,120
4514,20
4243,38
50429,103
95018,293
33581,74
19009,262
17843,121
4193,17
102775,195
5946,15
77934,143
28494,74
10596,38
26393,73
6057,29
1213792,4490
85541,182
52405,126
4997,67
12541,55
5204,10
31346,2735
2799,20
47118,127
20985,35
56379,194
123389,511
403183,442
12349,63
30520,166
2505,9
21267,80
122497,500
7855,25
9346,80
20191,75
49802,253
18375,59
17367,44
12418,38
8757,27
18535,143
6216,28
28273,210
18019,63
24826,66
6129,20
4635,20
4064,19
73474,190
7298,41
253608,438
35579,161
8718,43
2046,12
82571,296
131626,149
21459,31
33910,185
426757,506
1799,10
11086,28
9010,30
27512,143
2112,15
8878,36
47043,232
12433,69
6064,25
15544,30
17936,75
3697,17
2449,7
276535,319
69901,133
3227,12
21249,44
44471,131
4878,15
11407,37
8419,36
2770,14
9325,30
16070,48
69402,340
5794,41
1727,6
196500,264
1430,10
2900,17
14790,69
2653,18
355901,1254
177633,223
156492,241
2776,11
6482,26
44409,174
4860,15
10862,64
11447,28
4829,22
12294,48
5785,29
41040,223
21775,52
17025,24
21308,83
8290,42
11287,32
1998,14
6675,10
33100,140
30136,42
122505,451
18887,26
40487,137
322750,457
1392121,1911
7709,46
5307,30
9588,53
15272,54
234259,361
11858,58
6295,33
9517,16
35472,179
12518,44
7841,23
60600,204
79479,56
8304,20
8194,30
24749,145
30614,90
9583,16
30989,89
35591,86
11362,73
26788,144
256223,998
4879,12
3886,23
4019,15
15069,70
37964,57
7687,41
4199,16
16604,76
24614,115
8048,31
8325,39
17480,36
27382,70
15297,66
3887,15
103102,472
3330,8
177662,221
165526,466
94804,263
240961,294
75234,316
4268,8
43331,238
15173,52
4951,8
375011,484
50642,144
17598,28
122581,280
20921,55
18387,54
6543,19
7852,22
175568,548
62813,83
42045,339
6946,23
77652,255
235416,624
7196,50
17889,55
58722,207
49201,267
6717,15
126356,159
44970,200
30617,91
151881,771
3151,17
13338,40
4551,30
37366,301
4800,23
3418,12
423006,1013
20831,170
18718,43
31646,30
4889,15
28785,162
12285,18
7311,16
104346,444
68990,278
308482,1063
8092,22
78503,215
89125,208
2300,13
49993,195
21886,94
2403,8
15292,79
5855,20
4596,20
2636,14
17214,82
8147,70
3692,17
3102,27
47441,122
101937,76
9910,64
5948,15
14036,52
3064,200
4091,19
240590,793
2106,9
26628,92
83626,380
477552,614
5565,35
3824,26
1905,8
22355,83
12966,53
19643,47
3106,17
29706,177
18338,57
60303,492
4919,17
68980,174
450785,802
153033,579
93650,402
3508,9
2267,13
57648,343
8111,24
50772,261
25373,91
18968,120
4696,11
60754,174
33288,163
13781,56
4795,17
4506,16
3179,25
4904,29
6642,35
18698,24
8923,32
11527,44
5298,21
7068,29
9860,15
1852,10
11355,27
21689,92
2325,12
4053,38
5945,22
4160,10
60956,280
41414,121
7478,40
4291,13
2471,17
55130,236
4422,11
6542,28
7194,14
44360,315
699944,850
2603,13
33000,140
114352,526
10539,70
8620,43
14263,54
13123,57
13486,39
9227,46
22272,110
15862,57
45945,202
18263,41
6496,25
20395,58
4095,27
10949,54
6508,28
19723,63
2169,15
14807,70
7454,38
112003,232
1834,8
8959,30
47111,199
6110,8
2481,12
16811,48
48463,276
3101,13
11421,41
63757,286
25677,330
8773,52
69001,479
6038,23
55542,115
29402,70
170132,450
17216,61
15388,42
3699,15
13575,29
27462,73
407252,1464
29869,145
25719,94
11471,64
19178,43
27754,109
76877,455
13765,54
40080,126
5304,19
3578,15
118349,256
6113,22
22172,80
3400,20
50852,101
4674,19
2577,11
4152,23
10067,26
53402,152
56504,322
25130,35
17516,255
4212,9
21873,60
330845,664
5317,20
4080,17
13023,42
44389,232
230371,968
39583,210
40828,169
3854,7
14210,71
3460,16
13606,14
6688,28
9101,76
29726,160
3839,9
20394,107
9837,60
56393,220
7679,24
3330,5
13299,82
16211,67
4752,14
2224,9
4539,15
7679,15
124159,367
711825,2038
3640,19
10812,51
9961,79
208008,750
35738,80
51436,100
12689,50
5443,31
16281,121
10801,29
3162,20
3170,29
5614,30
2430,14
6407,41
11998,72
17252,55
5337,21
8393,48
119736,466
45860,119
9364,9
4354,19
15561,43
6022,37
194390,716
14857,48
2113,14
4544,42
2153,7
34737,88
47943,141
5588,33
32563,219
27381,62
57966,79
8854,35
6236,40
2943,23
1467,17
142301,325
2487,13
27600,135
26753,96
1552,11
20866,77
721368,1347
6977,80
23529,90
8481,41
5940,17
6827,10
3135,12
4817,18
433656,551
10893,24
844483,1373
161957,327
254484,988
2817,16
91771,365
2561,13
1932,8
2100,23
52319,273
8960,24
4144,12
55124,258
464983,2009
729737,1264
15978,34
10690,16
41123,147
33002,84
12325232,18102
35980,135
7696,31
92060,186
90328,269
12159,62
15385,65
368355,386
10390,43
3630,12
3554,14
14981,23
45644,118
29452,97
127142,467
12780,22
17661,66
6339,16
41352,113
687357,1460
7728,41
286211,717
4014,14
300559,665
12485,98
16644,61
293652,338
6329,28
14141,38
6320,27
5564,32
23232,173
26101,77
7766,23
2813,11
57364,276
23256,87
5911,13
7540,33
15183,53
122967,377
317915,613
23273,74
9437,29
42517,182
2652,17
2422,16
10056,5
1738,12
47714,105
5832,52
6977,13
65570,271
15583,70
2020,14
1696,17
6400,21
91824,143
4804,17
10151,15
1865,7
9120,47
1153,6
13888,20
13532,59
131210,624
26822,80
10692,26
43110,340
53468,81
123071,225
10823,37
80111,356
19017,90
8989,47
1846,8
123599,427
95338,510
2752,12
6892,9
9492,37
183381,393
18643,7
4130,4
35851,209
11139,21
26165,115
87545,124
7452,6
5832,14
306296,1184
51891,104
11873,12
53316,349
8498,18
8997,12
2812,12
22845,46